"Site" "num" "HI" "QALY" "lifeEx" "Pyl" "Stature" "Hypoplasia" "Anemia" "Dental" "Infection" "DJD" "Trauma"
"103" 1 100 26.38 15 15 NA NA 100 100 100 NA 100
"108" 1 100 26.38 16 16 NA NA NA 100 100 NA 100
"W0D" 8 100 26.38 37 296 NA NA NA NA 100 NA 100
"W13" 1 100 26.38 37 37 NA NA NA 100 100 NA 100
"W20" 3 100 26.38 37 111 NA NA NA 100 100 NA 100
"W26" 1 100 26.38 37 37 NA NA NA 100 100 NA 100
"W28" 1 100 26.38 48 48 NA NA NA NA 100 NA 100
"W31" 1 100 26.38 37 37 NA NA NA NA 100 NA 100
"W42" 2 100 26.38 37 74 NA NA NA 100 100 NA 100
"W4a" 2 100 26.38 37 74 NA NA NA 100 100 NA 100
"W6A" 2 100 26.38 37 74 NA NA NA 100 100 NA 100
"WB8" 4 100 26.38 37 148 NA 100 NA 100 100 NA 100
"WBX" 1 100 26.38 37 37 NA NA NA NA 100 NA 100
"WI9" 1 100 26.38 37 37 NA NA NA NA 100 NA 100
"wR3" 3 100 26.38 37 111 NA NA NA NA 100 NA 100
"W81" 17 99.7 26.3 37 629 NA NA NA 99.1 100 NA 100
"W05" 1 99.62 26.28 48 48 NA NA NA 98.85 100 NA 100
"W72" 9 99.56 26.26 37 333 NA NA NA 98.67 100 NA 100
"W38" 47 99.54 26.26 37 1739 NA NA NA 98.62 100 NA 100
"WR6" 11 99.3 26.19 37 407 NA NA NA 97.89 100 NA 100
"W73" 5 99.25 26.18 37 185 NA NA NA 97.76 100 NA 100
"W84" 5 99.21 26.17 37 185 NA NA NA 97.64 100 NA 100
"WI8" 8 99.15 26.16 37 296 NA NA NA 97.45 100 NA 100
"WRR" 2 99.12 26.15 37 74 NA NA NA 97.36 100 NA 100
"W06" 4 99.02 26.12 37 148 NA NA NA 97.07 100 NA 100
"W58" 3 99.02 26.12 37 111 NA NA NA 97.07 100 NA 100
"W87" 4 98.84 26.07 37 148 NA NA NA 96.53 100 NA 100
"WV1" 9 98.75 26.05 37 333 NA NA NA 96.25 100 NA 100
"W30" 3 98.71 26.04 37 111 NA NA NA 100 96.14 NA 100
"WC6" 15 98.6 26.01 37 555 NA NA NA 95.81 100 NA 100
"W04" 5 98.56 26 37 185 NA NA NA 95.69 100 NA 100
"WA7" 12 98.49 25.98 37 444 NA NA NA 95.47 100 NA 100
"W86" 2 98.39 25.96 37 74 NA NA NA 95.17 100 NA 100
"W4A" 24 98.34 25.94 37 888 NA NA NA 95.02 100 NA 100
"WR3" 2 98.33 25.94 37 74 NA NA NA 95 100 NA 100
"W7N" 9 98.05 25.87 37 333 NA NA NA NA 100 NA 96.1
"WI1" 1 97.99 25.85 37 37 NA NA NA 93.96 100 NA 100
"WR1" 9 97.79 25.8 37 333 NA NA NA 93.38 100 NA 100
"WRB" 3 97.38 25.69 37 111 NA NA NA 92.15 100 NA 100
"WR5" 4 97.26 25.66 37 148 NA NA NA 91.77 100 NA 100
"W17" 6 97.23 25.65 37 222 NA NA NA 91.69 100 NA 100
"W82" 1 97.07 25.61 37 37 NA NA NA 91.22 100 NA 100
"WBA" 2 96.89 25.56 37 74 NA NA NA 90.67 100 NA 100
"W47" 2 96.58 25.48 36.5 73 NA NA NA NA 96.58 NA 96.58
"WI4" 1 96.27 25.4 37 37 NA NA NA 88.82 100 NA 100
"WR9" 6 95.6 25.22 37 222 NA NA NA 86.79 100 NA 100
"WV2" 1 95.38 25.16 37 37 NA NA NA 86.15 100 NA 100
"W62" 2 95.08 25.08 44.5 89 NA NA NA 94.24 95.51 NA 95.51
"W78" 9 95.04 25.07 37.56 338 NA NA NA 97.48 93.82 NA 93.82
"W52" 73 94.14 24.83 36.92 2695 NA 86.66 98.83 95.06 93.73 NA 96.43
"W53" 4 93.94 24.78 37 148 NA NA NA 81.81 100 NA 100
"Wr3" 62 93.8 24.74 37.23 2308 NA 86.48 98.41 91.63 96.69 NA 95.76
"WO0" 17 92.98 24.53 34.41 585 NA NA NA NA 92.98 NA 92.98
"W01" 3 92.66 24.44 43 129 NA NA NA 89.34 94.32 NA 94.32
"SAN" 1 92.37 24.37 21 21 55.38 NA 100 98.81 100 100 100
"W71" 13 92.16 24.31 38.62 502 NA NA NA 90.73 92.87 NA 92.87
"HOL" 2 90.01 23.74 57 114 65.98 100 100 82.13 100 81.94 100
"DAR" 1 90 23.74 57 57 43.28 100 100 86.7 100 100 100
"204" 1 88.96 23.47 54 54 55.84 NA NA NA 100 100 100
"223" 2 88.94 23.46 37 74 45.21 NA 100 100 100 88.41 100
"W85" 3 88.39 23.32 42.33 127 NA NA NA 87.75 88.71 NA 88.71
"W77" 63 88.02 23.22 39.56 2492 NA NA NA NA 88.34 NA 87.7
"36B" 2 87.76 23.15 33 66 40.02 98.48 99.24 78.87 99.24 99.24 99.24
"LNC" 22 87.17 22.99 42.64 938 NA 70.02 92.69 84.63 91.76 92.71 91.18
"107" 5 85.83 22.64 30.2 151 64.54 NA 92.05 81.62 89.54 97.68 89.54
"WOO" 116 85.67 22.6 33.77 3917 NA NA NA NA 89.08 NA 82.26
"sfc" 29 85.52 22.56 44.45 1289 NA 92 67.45 89.84 90.33 81.86 91.63
"WM2" 12 84.84 22.38 38.33 460 NA NA NA NA 93.7 NA 75.98
"105" 13 83.29 21.97 25.92 337 42.04 NA 93.47 91.2 91.33 90.37 91.33
"sfo" 35 83.16 21.94 46.94 1643 NA 66.67 90.65 77.22 90.3 NA 90.99
"212" 2 82.72 21.82 20.5 41 63.62 NA 97.56 95.12 59.76 NA 97.56
"119" 4 82.17 21.68 30 120 NA NA 84.44 76.67 82.5 82.79 84.44
"sfa" 9 82.16 21.67 46.22 416 NA 100 62.58 72.27 87.98 NA 87.98
"W46" 23 82 21.63 31.91 734 NA NA NA 82.55 82.32 NA 81.13
"WMO" 27 80.35 21.2 30.59 826 NA NA NA NA 81.38 NA 79.32
"snt" 14 80.19 21.15 43.43 608 NA 73.05 NA NA 93.24 61.22 93.24
"118" 7 80.14 21.14 23 161 85.63 NA 100 77.62 70.72 81.37 65.48
"sag" 6 79.53 20.98 30 180 41.06 100 85.56 NA 74.29 95.56 80.74
"102" 1 79.49 20.97 13 13 NA NA NA 100 69.23 NA 69.23
"114" 1 79.49 20.97 13 13 NA NA NA 100 69.23 NA 69.23
"CX1" 1 78.2 20.63 26 26 42.43 NA 100 72.94 53.85 100 100
"cot" 89 77.02 20.32 34.16 3040 19.32 81.69 96.51 87.3 83.06 88.77 82.48
"LBH" 9 76.45 20.17 25.78 232 59.98 66.55 92.89 85.09 84.89 74.9 70.88
"flo" 57 76.44 20.16 19.61 1118 6.03 89.73 87.69 91.09 87.3 91.3 81.93
"WO7" 230 76.22 20.11 32.37 7446 47.27 78.45 80.22 88.74 79.31 80.25 79.29
"W60" 787 75.55 19.93 36.59 28797 19.85 77.23 78.99 86.95 94.81 NA 95.47
"121" 3 75.36 19.88 13 39 NA NA NA 91.03 67.52 NA 67.52
"LNP" 126 75.29 19.86 36.11 4550 NA 60.36 62.91 79.57 83.77 83.93 81.2
"WC8" 158 74.57 19.67 34.96 5524 21.96 70.73 77.1 82.28 90.14 90.85 88.95
"WL3" 7 74.55 19.67 45.29 317 25.91 NA NA 85.62 93.33 NA 93.33
"112" 10 74.32 19.61 32.4 324 51.19 NA 72.94 82.2 78.41 80.61 80.59
"ftl" 19 74.17 19.57 23.42 445 49.88 88.05 88.79 80.78 87.03 89.01 35.65
"3C9" 16 73.77 19.46 24.62 394 49.94 31.73 94.75 84.4 78.58 87.7 89.28
"WC3" 134 73.77 19.46 32.09 4300 31.19 85 71.2 81.34 88.56 NA 85.35
"SNK" 25 73.63 19.42 24.68 617 52.28 88.1 61.93 83.96 82.97 86.48 59.7
"W3c" 82 73.47 19.38 31.46 2580 34.18 72.8 75.58 73.82 85.34 86.7 85.88
"WL1" 10 73.44 19.37 44.7 447 23.14 NA 93.32 82.05 88.68 NA 80
"lat" 47 73.05 19.27 34.98 1644 12.83 78.84 86.3 88.03 81.89 82.08 81.39
"WLE" 87 72.93 19.24 35.53 3091 60.98 52.54 81.58 78.64 85.1 71.77 79.9
"W43" 197 72.76 19.19 39.58 7797 38.87 79.59 NA 79.13 81.86 76.07 81.02
"WM5" 25 72.65 19.17 37 925 8.25 82.35 NA NA 100 NA 100
"WVO" 297 72.61 19.15 34.23 10167 2.42 77.54 81.57 85.48 86.92 85.5 88.82
"BU4" 20 72.54 19.14 24.65 493 36.68 NA 66.21 85.93 78.67 89.06 78.67
"WR0" 276 72.24 19.06 34.53 9530 19.55 73.86 75.24 80.98 85.35 84.05 86.65
"SF1" 19 72.17 19.04 47.05 894 37.43 76.27 84.85 70.58 81.64 80.35 74.04
"WI2" 15 71.3 18.81 38.73 581 13.61 NA 73.55 83.4 91.15 75.25 90.85
"205" 23 71.03 18.74 31.22 718 37.36 NA 85.74 79.82 78.96 61.56 82.78
"WB6" 12 70.79 18.68 23.92 287 81.51 77.24 70.8 78.34 52.9 78.61 56.16
"GPS" 30 70.56 18.61 23.07 692 59.66 50 83.21 86.03 87.76 88.21 39.07
"106" 8 70.45 18.58 24.25 194 NA NA 87.11 62.34 66.17 NA 66.17
"osg" 75 70.28 18.54 31.75 2381 11.61 72.6 85.83 89.76 72.79 87.18 72.2
"CHY" 42 69.81 18.42 33.69 1415 64.98 NA 75.91 76.05 75.46 71.22 55.23
"208" 7 69.75 18.4 24.14 169 NA NA NA 57.1 76.08 NA 76.08
"lib" 16 68.53 18.08 37.25 596 9.5 79.56 78.8 71.22 82.11 75.84 82.7
"AM2" 17 68.39 18.04 33.53 570 43.15 NA 71.91 66.08 76.96 80.7 71.52
"220" 30 68.1 17.96 30.73 922 41.67 NA 80.33 79.88 66.57 69.64 70.5
"CO1" 25 67.96 17.93 37.6 940 17.56 73.07 78.15 78.04 72.08 72.07 84.74
"301" 316 67.91 17.92 21.4 6761 34.42 77.85 72.25 80.72 74.33 NA NA
"214" 170 67.34 17.76 19.95 3391 30.78 NA 76.68 81.65 65.19 78.29 71.42
"SAB" 25 67.29 17.75 21.8 545 26.63 64.99 60.46 77.1 76.6 90.55 74.66
"211" 13 67.1 17.7 29.15 379 37.15 NA 82.56 73.22 69.7 71.38 68.58
"109" 31 67 17.67 26.84 832 22.4 NA 85.72 77.47 72.16 74.24 69.98
"221" 24 66.85 17.63 25.46 611 49.78 NA 59.29 78.78 68.04 71.94 73.25
"219" 1 66.67 17.59 1 1 0 NA NA NA 100 NA 100
"WS4" 108 66.47 17.54 29.42 3177 28.43 68.49 42.79 78.26 87.26 80.67 79.41
"ST6" 24 66.04 17.42 25.75 618 27.09 NA 76.8 80.44 69.23 73.93 68.78
"CRW" 73 65.74 17.34 37.49 2737 62.92 NA 63.13 78.05 61.06 63.93 65.38
"HPK" 275 65.61 17.31 34.84 9582 42.71 69.81 68.71 73.18 58.51 70.72 75.62
"AYA" 56 65.44 17.26 36.48 2043 17.19 75.92 59.88 77.11 81.63 NA 80.91
"sal" 51 65.31 17.23 31.63 1613 14.18 71.02 51.35 76.45 78.3 87.86 78
"WIB" 101 65.01 17.15 32.17 3249 9.53 75.43 59.07 81.03 83.75 63.93 82.36
"MR6" 31 64.82 17.1 35.16 1090 3.31 NA 84.43 76.35 NA 79.55 80.45
"CUB" 18 64.44 17 27.22 490 11.42 80.6 46.63 78.95 74.29 77.98 81.21
"TL2" 163 64.37 16.98 34.6 5639 28.24 57.02 73.33 77.11 69.93 69.92 75.06
"rea" 51 63.85 16.84 33.14 1690 5.85 66.71 73.45 80.94 71.4 79.09 69.51
"116" 34 63.62 16.78 24 816 47.62 NA 66.08 83.1 58.52 65.81 60.62
"110" 22 63.46 16.74 26.82 590 12.69 NA 73.58 85.03 67.4 73.79 68.25
"38c" 10 63.4 16.72 32.5 325 43.1 15.44 89.72 68.99 71.6 76.41 78.52
"XCA" 35 62.74 16.55 39.17 1371 35.16 58.76 42.34 82.93 71.65 69.82 78.54
"WC2" 16 62.66 16.53 31.25 500 22.04 51.57 NA NA 88.51 NA 88.51
"303" 115 62.63 16.52 32.57 3746 32.89 NA 62.48 72.63 60.03 79.26 68.52
"206" 22 62.45 16.47 24.27 534 41.73 NA 61.39 77.04 66.05 NA 66.05
"117" 4 62.37 16.45 10.75 43 73.04 NA 41.86 88.37 52.33 66.28 52.33
"TL3" 11 62.31 16.44 35.91 395 43.1 47.83 61.81 74.69 58.69 74.1 75.95
"213" 1 61.9 16.33 7 7 NA NA NA 100 42.86 NA 42.86
"218" 15 61.57 16.24 25.53 383 14.84 NA 71.57 78.51 61.71 76.86 65.95
"DUF" 70 61.52 16.23 20.17 1412 49.03 55.45 57.27 78.62 61.78 65.74 62.73
"SA1" 53 61.23 16.15 30.91 1638 6.34 65.08 58.74 74.01 69.84 82.47 72.11
"CUI" 116 60.77 16.03 36.59 4245 19.28 58.21 49.69 79.4 70.54 70.72 77.53
"115" 26 60.17 15.87 20.12 523 29.34 NA 53.85 81.54 60.13 73.2 62.97
"BU2" 4 59.87 15.79 19.5 78 NA NA 46.15 70.52 54.81 73.08 54.81
"stt" 523 59.44 15.68 23.06 12060 36.03 62.62 50.58 76.41 45.02 63.72 81.67
"MR1" 122 59.32 15.65 25.5 3111 6.11 NA 62.91 83.46 60.63 74.12 68.69
"TL4" 155 59.22 15.62 35.6 5518 22.99 57.1 52.96 73.63 64.1 69.05 74.67
"CAM" 2 59.1 15.59 24 48 8.29 NA 100 NA NA 72.92 55.21
"FAB" 85 58.77 15.5 28.18 2395 49.87 46.58 60.13 70.72 55.22 72.6 56.28
"BOO" 38 58.46 15.42 21.29 809 36.74 57.28 61.19 83.91 54.76 56.95 58.39
"HU6" 6 58.31 15.38 35.83 215 44.89 NA 55.17 NA 61.9 61.35 68.22
"41D" 1157 58.22 15.36 22.58 26130 40.1 38.13 66.86 81.62 48 77.85 54.96
"ESB" 426 57.94 15.28 22.15 9436 NA 45.4 48.15 NA 55.85 82.72 57.58
"KIT" 26 57.72 15.23 21.31 554 45.82 56.11 62.6 72.64 57.7 53.98 55.17
"cry" 14 57.24 15.1 30 420 52.51 18.91 46.96 62.7 82.63 65.02 71.92
"3AM" 9 57.22 15.1 30.56 275 18.38 NA 68.77 63.14 61.05 66.54 65.45
"SA2" 21 57.13 15.07 22.57 474 2.12 59.92 49.86 74.55 66.4 84.62 62.45
"AGB" 6 56.8 14.98 14 84 0 79.76 NA 97.32 39.86 78.8 45.04
"207" 2 56.67 14.95 7.5 15 0 NA NA 100 63.33 NA 63.33
"dol" 43 55.88 14.74 25.7 1105 27.33 38.51 39.2 80.44 74.2 50.77 80.74
"AZ1" 118 55.1 14.53 27.08 3195 9.09 NA 64.16 70.75 62.91 60.66 63
"BFT" 67 54.93 14.49 34.48 2310 3.79 NA 63.17 75.21 63.94 63.08 60.41
"SGB" 99 54.65 14.42 25.17 2492 9.69 NA 39.6 94.54 55.17 69.69 59.19
"BUF" 101 54.62 14.41 20.71 2092 35.03 51.62 51.91 72.94 56.64 57.21 57.02
"sfb" 17 54.46 14.37 44.24 752 30.87 NA 4.26 NA 91.36 NA 91.36
"PEA" 96 54.13 14.28 20.31 1950 35.35 42.9 60.06 70.94 54 60.34 55.35
"dk2" 39 54.02 14.25 14.77 576 23.05 NA 46.69 91.56 49.43 62.1 51.3
"3C7" 35 53.91 14.22 33.74 1181 41.59 26.16 48.95 68.34 59.22 62.22 70.9
"WW7" 149 53.66 14.16 22.24 3314 19.71 NA 57.64 77.72 55.39 58.56 52.95
"222" 2 53.12 14.01 24 48 0 NA 55.21 100 55.21 NA 55.21
"Y1B" 29 52.89 13.95 23.17 672 13.88 NA 52.93 NA 61.58 71.79 64.24
"cop" 45 52.82 13.93 47.33 2130 20.44 36.79 22.41 74.36 64.99 74.6 76.14
"KX1" 59 52.26 13.79 18.59 1097 15.3 NA 52 85.69 51.92 55.8 52.87
"MON" 121 51.76 13.65 21.95 2656 27.35 50.44 51.71 70.38 51.64 56.4 54.4
"COY" 77 50.81 13.4 29.53 2274 7.93 41.77 61.6 68.35 62.94 52.49 60.58
"CO2" 200 50.26 13.26 23.88 4777 11.74 52.32 53.48 76.1 48.81 53.16 56.22
"teo" 50 49.84 13.15 29.56 1478 17.34 14.34 49.56 81.02 53.78 75.17 57.69
"PLM" 1 49.58 13.08 31 31 3.59 NA NA NA 45.16 NA 100
"STI" 55 49.54 13.07 26.35 1449 14.47 42.43 46.51 68.22 58.04 52.49 64.64
"CHB" 361 48.85 12.89 21.32 7697 12.68 32.83 37.93 81.75 49.65 72.61 54.49
"SPR" 74 47.66 12.57 21.51 1592 7.06 54.25 53.25 68.15 48.78 49.93 52.15
"SAA" 5 47.22 12.46 13.2 66 2.76 81.06 NA NA 35.26 77.31 39.7
"210" 4 46.92 12.38 9.25 37 31.84 NA NA 77.48 39.19 NA 39.19
"BU1" 72 46.89 12.37 20.88 1503 22.66 NA 43.22 75.67 44.95 49.31 45.51
"la8" 259 46.77 12.34 22.71 5882 10.28 32.41 21.94 76.84 57.14 70.57 58.2
"wt1" 63 46.63 12.3 25.67 1617 19.72 NA 45.43 75.08 45.18 49.58 44.81
"co9" 239 46.4 12.24 27.77 6637 20.55 16.9 38.28 66.16 44.34 73.84 64.71
"haw" 186 46.08 12.16 22.15 4119 12.99 20.12 28.43 73.95 56.18 70.35 60.54
"QUI" 46 45.99 12.13 25.7 1182 12.03 28.15 59.32 58.14 53.73 51.8 58.76
"SUN" 138 45.11 11.9 17.22 2377 26 39.97 40.93 75.18 42.4 45.41 45.9
"ST5" 22 43.41 11.45 22.09 486 19.19 NA 47.36 57.55 42.51 51.78 42.04
"Y2B" 48 41.31 10.9 19.9 955 9.4 NA 33.22 NA 43.85 70.34 49.72
"3La" 80 40.81 10.76 21.14 1691 42.63 7.58 35.6 72.95 37.67 45.72 43.5
"k10" 67 40.24 10.61 17.48 1171 19.71 NA 35.76 69.88 37.86 41.83 36.38
"120" 3 40 10.55 6.67 20 NA NA NA NA 40 NA 40
"DW2" 72 39.05 10.3 11.53 830 19.77 NA 41.74 66.33 32.88 39.05 34.53
"J73" 56 38.78 10.23 17.96 1006 12.56 30.58 24.2 77.13 36.73 46.14 44.11
"gua" 25 38.57 10.17 11.04 276 4.69 36.69 6.52 81.85 30.93 78.99 30.32
"J74" 49 38.39 10.13 22.59 1107 6.49 25.5 25.86 71 39.96 54.04 45.88
